flipper_length_mm,body_mass_g,Torgersen,Biscoe,Dream
1.720000000000000000e+02,2.700000000000000000e+03,1.434000339378526945e-01,5.017219873694155341e-01,3.548779786927316882e-01
1.749499999999999886e+02,2.700000000000000000e+03,1.434000339378526945e-01,5.017219873694155341e-01,3.548779786927316882e-01
1.778999999999999773e+02,2.700000000000000000e+03,1.434000339378526945e-01,5.017219873694155341e-01,3.548779786927316882e-01
1.808499999999999659e+02,2.700000000000000000e+03,1.434000339378526945e-01,5.017219873694155341e-01,3.548779786927316882e-01
1.837999999999999545e+02,2.700000000000000000e+03,1.434000339378526945e-01,5.017219873694155341e-01,3.548779786927316882e-01
1.867499999999999432e+02,2.700000000000000000e+03,1.434000339378526945e-01,5.017219873694155341e-01,3.548779786927316882e-01
1.896999999999999318e+02,2.700000000000000000e+03,1.434000339378526945e-01,5.017219873694155341e-01,3.548779786927316882e-01
1.926499999999999204e+02,2.700000000000000000e+03,1.434000339378526945e-01,5.017219873694155341e-01,3.548779786927316882e-01
1.955999999999999091e+02,2.700000000000000000e+03,1.434000339378526945e-01,5.017219873694155341e-01,3.548779786927316882e-01
1.985499999999998977e+02,2.700000000000000000e+03,1.434000339378526945e-01,5.017219873694155341e-01,3.548779786927316882e-01
2.014999999999998863e+02,2.700000000000000000e+03,1.434000339378526945e-01,5.017219873694155341e-01,3.548779786927317437e-01
2.044499999999998749e+02,2.700000000000000000e+03,1.434000339378526945e-01,5.017219873694155341e-01,3.548779786927317437e-01
2.073999999999998636e+02,2.700000000000000000e+03,1.434000339378526945e-01,5.017219873694155341e-01,3.548779786927317437e-01
2.103499999999998522e+02,2.700000000000000000e+03,1.434000339378526945e-01,5.017219873694154231e-01,3.548779786927317437e-01
2.132999999999998408e+02,2.700000000000000000e+03,1.434000339378526945e-01,5.017219873694154231e-01,3.548779786927317992e-01
2.162499999999998295e+02,2.700000000000000000e+03,1.434000339378527500e-01,5.017219873694154231e-01,3.548779786927318547e-01
2.191999999999998181e+02,2.700000000000000000e+03,1.434000339378527500e-01,5.017219873694154231e-01,3.548779786927318547e-01
2.221499999999998067e+02,2.700000000000000000e+03,1.434000339378527777e-01,5.017219873694153121e-01,3.548779786927319102e-01
2.250999999999997954e+02,2.700000000000000000e+03,1.434000339378527777e-01,5.017219873694152010e-01,3.548779786927319657e-01
2.280499999999997840e+02,2.700000000000000000e+03,1.434000339378528333e-01,5.017219873694150900e-01,3.548779786927320767e-01
1.720000000000000000e+02,2.880000000000000000e+03,1.434000339378526945e-01,5.017219873694155341e-01,3.548779786927316882e-01
1.749499999999999886e+02,2.880000000000000000e+03,1.434000339378526945e-01,5.017219873694155341e-01,3.548779786927316882e-01
1.778999999999999773e+02,2.880000000000000000e+03,1.434000339378526945e-01,5.017219873694155341e-01,3.548779786927316882e-01
1.808499999999999659e+02,2.880000000000000000e+03,1.434000339378526945e-01,5.017219873694155341e-01,3.548779786927316882e-01
1.837999999999999545e+02,2.880000000000000000e+03,1.434000339378526945e-01,5.017219873694155341e-01,3.548779786927316882e-01
1.867499999999999432e+02,2.880000000000000000e+03,1.434000339378526945e-01,5.017219873694155341e-01,3.548779786927316882e-01
1.896999999999999318e+02,2.880000000000000000e+03,1.434000339378526945e-01,5.017219873694155341e-01,3.548779786927316882e-01
1.926499999999999204e+02,2.880000000000000000e+03,1.434000339378526945e-01,5.017219873694155341e-01,3.548779786927316882e-01
1.955999999999999091e+02,2.880000000000000000e+03,1.434000339378526945e-01,5.017219873694155341e-01,3.548779786927316882e-01
1.985499999999998977e+02,2.880000000000000000e+03,1.434000339378526945e-01,5.017219873694155341e-01,3.548779786927316882e-01
2.014999999999998863e+02,2.880000000000000000e+03,1.434000339378526945e-01,5.017219873694155341e-01,3.548779786927316882e-01
2.044499999999998749e+02,2.880000000000000000e+03,1.434000339378526945e-01,5.017219873694155341e-01,3.548779786927316882e-01
2.073999999999998636e+02,2.880000000000000000e+03,1.434000339378526945e-01,5.017219873694155341e-01,3.548779786927316882e-01
2.103499999999998522e+02,2.880000000000000000e+03,1.434000339378526945e-01,5.017219873694155341e-01,3.548779786927316882e-01
2.132999999999998408e+02,2.880000000000000000e+03,1.434000339378526945e-01,5.017219873694155341e-01,3.548779786927316882e-01
2.162499999999998295e+02,2.880000000000000000e+03,1.434000339378526945e-01,5.017219873694155341e-01,3.548779786927316882e-01
2.191999999999998181e+02,2.880000000000000000e+03,1.434000339378526945e-01,5.017219873694155341e-01,3.548779786927316882e-01
2.221499999999998067e+02,2.880000000000000000e+03,1.434000339378526945e-01,5.017219873694155341e-01,3.548779786927316882e-01
2.250999999999997954e+02,2.880000000000000000e+03,1.434000339378526945e-01,5.017219873694155341e-01,3.548779786927316882e-01
2.280499999999997840e+02,2.880000000000000000e+03,1.434000339378526945e-01,5.017219873694155341e-01,3.548779786927316882e-01
1.720000000000000000e+02,3.060000000000000000e+03,1.434000339378526945e-01,5.017219873694155341e-01,3.548779786927316882e-01
1.749499999999999886e+02,3.060000000000000000e+03,1.434000339378526945e-01,5.017219873694155341e-01,3.548779786927316882e-01
1.778999999999999773e+02,3.060000000000000000e+03,1.434000339378526945e-01,5.017219873694155341e-01,3.548779786927316882e-01
1.808499999999999659e+02,3.060000000000000000e+03,1.434000339378526945e-01,5.017219873694155341e-01,3.548779786927316882e-01
1.837999999999999545e+02,3.060000000000000000e+03,1.434000339378526945e-01,5.017219873694155341e-01,3.548779786927316882e-01
1.867499999999999432e+02,3.060000000000000000e+03,1.434000339378526945e-01,5.017219873694155341e-01,3.548779786927316882e-01
1.896999999999999318e+02,3.060000000000000000e+03,1.434000339378526945e-01,5.017219873694155341e-01,3.548779786927316882e-01
1.926499999999999204e+02,3.060000000000000000e+03,1.434000339378526945e-01,5.017219873694155341e-01,3.548779786927316882e-01
1.955999999999999091e+02,3.060000000000000000e+03,1.434000339378526945e-01,5.017219873694155341e-01,3.548779786927316882e-01
1.985499999999998977e+02,3.060000000000000000e+03,1.434000339378526945e-01,5.017219873694155341e-01,3.548779786927316882e-01
2.014999999999998863e+02,3.060000000000000000e+03,1.434000339378526945e-01,5.017219873694155341e-01,3.548779786927316882e-01
2.044499999999998749e+02,3.060000000000000000e+03,1.434000339378526945e-01,5.017219873694155341e-01,3.548779786927316882e-01
2.073999999999998636e+02,3.060000000000000000e+03,1.434000339378526945e-01,5.017219873694155341e-01,3.548779786927316882e-01
2.103499999999998522e+02,3.060000000000000000e+03,1.434000339378526945e-01,5.017219873694155341e-01,3.548779786927316882e-01
2.132999999999998408e+02,3.060000000000000000e+03,1.434000339378526945e-01,5.017219873694155341e-01,3.548779786927316882e-01
2.162499999999998295e+02,3.060000000000000000e+03,1.434000339378526945e-01,5.017219873694155341e-01,3.548779786927316882e-01
2.191999999999998181e+02,3.060000000000000000e+03,1.434000339378526945e-01,5.017219873694155341e-01,3.548779786927316882e-01
2.221499999999998067e+02,3.060000000000000000e+03,1.434000339378526945e-01,5.017219873694155341e-01,3.548779786927316882e-01
2.250999999999997954e+02,3.060000000000000000e+03,1.434000339378526945e-01,5.017219873694155341e-01,3.548779786927316882e-01
2.280499999999997840e+02,3.060000000000000000e+03,1.434000339378526945e-01,5.017219873694155341e-01,3.548779786927316882e-01
1.720000000000000000e+02,3.240000000000000000e+03,1.434000339378526945e-01,5.017219873694155341e-01,3.548779786927316882e-01
1.749499999999999886e+02,3.240000000000000000e+03,1.434000339378526945e-01,5.017219873694155341e-01,3.548779786927316882e-01
1.778999999999999773e+02,3.240000000000000000e+03,1.434000339378526945e-01,5.017219873694155341e-01,3.548779786927316882e-01
1.808499999999999659e+02,3.240000000000000000e+03,1.434000339378526945e-01,5.017219873694155341e-01,3.548779786927316882e-01
1.837999999999999545e+02,3.240000000000000000e+03,1.434000339378526945e-01,5.017219873694155341e-01,3.548779786927316882e-01
1.867499999999999432e+02,3.240000000000000000e+03,1.434000339378526945e-01,5.017219873694155341e-01,3.548779786927316882e-01
1.896999999999999318e+02,3.240000000000000000e+03,1.434000339378526945e-01,5.017219873694155341e-01,3.548779786927316882e-01
1.926499999999999204e+02,3.240000000000000000e+03,1.434000339378526945e-01,5.017219873694155341e-01,3.548779786927316882e-01
1.955999999999999091e+02,3.240000000000000000e+03,1.434000339378526945e-01,5.017219873694155341e-01,3.548779786927316882e-01
1.985499999999998977e+02,3.240000000000000000e+03,1.434000339378526945e-01,5.017219873694155341e-01,3.548779786927316882e-01
2.014999999999998863e+02,3.240000000000000000e+03,1.434000339378526945e-01,5.017219873694155341e-01,3.548779786927316882e-01
2.044499999999998749e+02,3.240000000000000000e+03,1.434000339378526945e-01,5.017219873694155341e-01,3.548779786927316882e-01
2.073999999999998636e+02,3.240000000000000000e+03,1.434000339378526945e-01,5.017219873694155341e-01,3.548779786927316882e-01
2.103499999999998522e+02,3.240000000000000000e+03,1.434000339378526945e-01,5.017219873694155341e-01,3.548779786927316882e-01
2.132999999999998408e+02,3.240000000000000000e+03,1.434000339378526945e-01,5.017219873694155341e-01,3.548779786927316882e-01
2.162499999999998295e+02,3.240000000000000000e+03,1.434000339378526945e-01,5.017219873694155341e-01,3.548779786927316882e-01
2.191999999999998181e+02,3.240000000000000000e+03,1.434000339378526945e-01,5.017219873694155341e-01,3.548779786927316882e-01
2.221499999999998067e+02,3.240000000000000000e+03,1.434000339378526945e-01,5.017219873694155341e-01,3.548779786927316882e-01
2.250999999999997954e+02,3.240000000000000000e+03,1.434000339378526945e-01,5.017219873694155341e-01,3.548779786927316882e-01
2.280499999999997840e+02,3.240000000000000000e+03,1.434000339378526945e-01,5.017219873694155341e-01,3.548779786927316882e-01
1.720000000000000000e+02,3.420000000000000000e+03,1.434000339378526945e-01,5.017219873694155341e-01,3.548779786927316882e-01
1.749499999999999886e+02,3.420000000000000000e+03,1.434000339378526945e-01,5.017219873694155341e-01,3.548779786927316882e-01
1.778999999999999773e+02,3.420000000000000000e+03,1.434000339378526945e-01,5.017219873694155341e-01,3.548779786927316882e-01
1.808499999999999659e+02,3.420000000000000000e+03,1.434000339378526945e-01,5.017219873694155341e-01,3.548779786927316882e-01
1.837999999999999545e+02,3.420000000000000000e+03,1.434000339378526945e-01,5.017219873694155341e-01,3.548779786927316882e-01
1.867499999999999432e+02,3.420000000000000000e+03,1.434000339378526945e-01,5.017219873694155341e-01,3.548779786927316882e-01
1.896999999999999318e+02,3.420000000000000000e+03,1.434000339378526945e-01,5.017219873694155341e-01,3.548779786927316882e-01
1.926499999999999204e+02,3.420000000000000000e+03,1.434000339378526945e-01,5.017219873694155341e-01,3.548779786927316882e-01
1.955999999999999091e+02,3.420000000000000000e+03,1.434000339378526945e-01,5.017219873694155341e-01,3.548779786927316882e-01
1.985499999999998977e+02,3.420000000000000000e+03,1.434000339378526945e-01,5.017219873694155341e-01,3.548779786927316882e-01
2.014999999999998863e+02,3.420000000000000000e+03,1.434000339378526945e-01,5.017219873694155341e-01,3.548779786927316882e-01
2.044499999999998749e+02,3.420000000000000000e+03,1.434000339378526945e-01,5.017219873694155341e-01,3.548779786927316882e-01
2.073999999999998636e+02,3.420000000000000000e+03,1.434000339378526945e-01,5.017219873694155341e-01,3.548779786927316882e-01
2.103499999999998522e+02,3.420000000000000000e+03,1.434000339378526945e-01,5.017219873694155341e-01,3.548779786927316882e-01
2.132999999999998408e+02,3.420000000000000000e+03,1.434000339378526945e-01,5.017219873694155341e-01,3.548779786927316882e-01
2.162499999999998295e+02,3.420000000000000000e+03,1.434000339378526945e-01,5.017219873694155341e-01,3.548779786927316882e-01
2.191999999999998181e+02,3.420000000000000000e+03,1.434000339378526945e-01,5.017219873694155341e-01,3.548779786927316882e-01
2.221499999999998067e+02,3.420000000000000000e+03,1.434000339378526945e-01,5.017219873694155341e-01,3.548779786927316882e-01
2.250999999999997954e+02,3.420000000000000000e+03,1.434000339378526945e-01,5.017219873694155341e-01,3.548779786927316882e-01
2.280499999999997840e+02,3.420000000000000000e+03,1.434000339378526945e-01,5.017219873694155341e-01,3.548779786927316882e-01
1.720000000000000000e+02,3.600000000000000000e+03,1.434000339378526945e-01,5.017219873694155341e-01,3.548779786927316882e-01
1.749499999999999886e+02,3.600000000000000000e+03,1.434000339378526945e-01,5.017219873694155341e-01,3.548779786927316882e-01
1.778999999999999773e+02,3.600000000000000000e+03,1.434000339378526945e-01,5.017219873694155341e-01,3.548779786927316882e-01
1.808499999999999659e+02,3.600000000000000000e+03,1.434000339378526945e-01,5.017219873694155341e-01,3.548779786927316882e-01
1.837999999999999545e+02,3.600000000000000000e+03,1.434000339378526945e-01,5.017219873694155341e-01,3.548779786927316882e-01
1.867499999999999432e+02,3.600000000000000000e+03,1.434000339378526945e-01,5.017219873694155341e-01,3.548779786927316882e-01
1.896999999999999318e+02,3.600000000000000000e+03,1.434000339378526945e-01,5.017219873694155341e-01,3.548779786927316882e-01
1.926499999999999204e+02,3.600000000000000000e+03,1.434000339378526945e-01,5.017219873694155341e-01,3.548779786927316882e-01
1.955999999999999091e+02,3.600000000000000000e+03,1.434000339378526945e-01,5.017219873694155341e-01,3.548779786927316882e-01
1.985499999999998977e+02,3.600000000000000000e+03,1.434000339378526945e-01,5.017219873694155341e-01,3.548779786927316882e-01
2.014999999999998863e+02,3.600000000000000000e+03,1.434000339378526945e-01,5.017219873694155341e-01,3.548779786927316882e-01
2.044499999999998749e+02,3.600000000000000000e+03,1.434000339378526945e-01,5.017219873694155341e-01,3.548779786927316882e-01
2.073999999999998636e+02,3.600000000000000000e+03,1.434000339378526945e-01,5.017219873694155341e-01,3.548779786927316882e-01
2.103499999999998522e+02,3.600000000000000000e+03,1.434000339378526945e-01,5.017219873694155341e-01,3.548779786927316882e-01
2.132999999999998408e+02,3.600000000000000000e+03,1.434000339378526945e-01,5.017219873694155341e-01,3.548779786927316882e-01
2.162499999999998295e+02,3.600000000000000000e+03,1.434000339378526945e-01,5.017219873694155341e-01,3.548779786927316882e-01
2.191999999999998181e+02,3.600000000000000000e+03,1.434000339378526945e-01,5.017219873694155341e-01,3.548779786927316882e-01
2.221499999999998067e+02,3.600000000000000000e+03,1.434000339378526945e-01,5.017219873694155341e-01,3.548779786927316882e-01
2.250999999999997954e+02,3.600000000000000000e+03,1.434000339378526945e-01,5.017219873694155341e-01,3.548779786927316882e-01
2.280499999999997840e+02,3.600000000000000000e+03,1.434000339378526945e-01,5.017219873694155341e-01,3.548779786927316882e-01
1.720000000000000000e+02,3.780000000000000000e+03,1.434000339378526945e-01,5.017219873694155341e-01,3.548779786927316882e-01
1.749499999999999886e+02,3.780000000000000000e+03,1.434000339378526945e-01,5.017219873694155341e-01,3.548779786927316882e-01
1.778999999999999773e+02,3.780000000000000000e+03,1.434000339378526945e-01,5.017219873694155341e-01,3.548779786927316882e-01
1.808499999999999659e+02,3.780000000000000000e+03,1.434000339378526945e-01,5.017219873694155341e-01,3.548779786927316882e-01
1.837999999999999545e+02,3.780000000000000000e+03,1.434000339378526945e-01,5.017219873694155341e-01,3.548779786927316882e-01
1.867499999999999432e+02,3.780000000000000000e+03,1.434000339378526945e-01,5.017219873694155341e-01,3.548779786927316882e-01
1.896999999999999318e+02,3.780000000000000000e+03,1.434000339378526945e-01,5.017219873694155341e-01,3.548779786927316882e-01
1.926499999999999204e+02,3.780000000000000000e+03,1.434000339378526945e-01,5.017219873694155341e-01,3.548779786927316882e-01
1.955999999999999091e+02,3.780000000000000000e+03,1.434000339378526945e-01,5.017219873694155341e-01,3.548779786927316882e-01
1.985499999999998977e+02,3.780000000000000000e+03,1.434000339378526945e-01,5.017219873694155341e-01,3.548779786927316882e-01
2.014999999999998863e+02,3.780000000000000000e+03,1.434000339378526945e-01,5.017219873694155341e-01,3.548779786927316882e-01
2.044499999999998749e+02,3.780000000000000000e+03,1.434000339378526945e-01,5.017219873694155341e-01,3.548779786927316882e-01
2.073999999999998636e+02,3.780000000000000000e+03,1.434000339378526945e-01,5.017219873694155341e-01,3.548779786927316882e-01
2.103499999999998522e+02,3.780000000000000000e+03,1.434000339378526945e-01,5.017219873694155341e-01,3.548779786927316882e-01
2.132999999999998408e+02,3.780000000000000000e+03,1.434000339378526945e-01,5.017219873694155341e-01,3.548779786927316882e-01
2.162499999999998295e+02,3.780000000000000000e+03,1.434000339378526945e-01,5.017219873694155341e-01,3.548779786927316882e-01
2.191999999999998181e+02,3.780000000000000000e+03,1.434000339378526945e-01,5.017219873694155341e-01,3.548779786927316882e-01
2.221499999999998067e+02,3.780000000000000000e+03,1.434000339378526945e-01,5.017219873694155341e-01,3.548779786927316882e-01
2.250999999999997954e+02,3.780000000000000000e+03,1.434000339378526945e-01,5.017219873694155341e-01,3.548779786927316882e-01
2.280499999999997840e+02,3.780000000000000000e+03,1.434000339378526945e-01,5.017219873694155341e-01,3.548779786927316882e-01
1.720000000000000000e+02,3.960000000000000000e+03,1.434000339378526945e-01,5.017219873694155341e-01,3.548779786927316882e-01
1.749499999999999886e+02,3.960000000000000000e+03,1.434000339378526945e-01,5.017219873694155341e-01,3.548779786927316882e-01
1.778999999999999773e+02,3.960000000000000000e+03,1.434000339378526945e-01,5.017219873694155341e-01,3.548779786927316882e-01
1.808499999999999659e+02,3.960000000000000000e+03,1.434000339378526945e-01,5.017219873694155341e-01,3.548779786927316882e-01
1.837999999999999545e+02,3.960000000000000000e+03,1.434000339378526945e-01,5.017219873694155341e-01,3.548779786927316882e-01
1.867499999999999432e+02,3.960000000000000000e+03,1.434000339378526945e-01,5.017219873694155341e-01,3.548779786927316882e-01
1.896999999999999318e+02,3.960000000000000000e+03,1.434000339378526945e-01,5.017219873694155341e-01,3.548779786927316882e-01
1.926499999999999204e+02,3.960000000000000000e+03,1.434000339378526945e-01,5.017219873694155341e-01,3.548779786927316882e-01
1.955999999999999091e+02,3.960000000000000000e+03,1.434000339378526945e-01,5.017219873694155341e-01,3.548779786927316882e-01
1.985499999999998977e+02,3.960000000000000000e+03,1.434000339378526945e-01,5.017219873694155341e-01,3.548779786927316882e-01
2.014999999999998863e+02,3.960000000000000000e+03,1.434000339378526945e-01,5.017219873694155341e-01,3.548779786927316882e-01
2.044499999999998749e+02,3.960000000000000000e+03,1.434000339378526945e-01,5.017219873694155341e-01,3.548779786927316882e-01
2.073999999999998636e+02,3.960000000000000000e+03,1.434000339378526945e-01,5.017219873694155341e-01,3.548779786927316882e-01
2.103499999999998522e+02,3.960000000000000000e+03,1.434000339378526945e-01,5.017219873694155341e-01,3.548779786927316882e-01
2.132999999999998408e+02,3.960000000000000000e+03,1.434000339378526945e-01,5.017219873694155341e-01,3.548779786927316882e-01
2.162499999999998295e+02,3.960000000000000000e+03,1.434000339378526945e-01,5.017219873694155341e-01,3.548779786927316882e-01
2.191999999999998181e+02,3.960000000000000000e+03,1.434000339378526945e-01,5.017219873694155341e-01,3.548779786927316882e-01
2.221499999999998067e+02,3.960000000000000000e+03,1.434000339378526945e-01,5.017219873694155341e-01,3.548779786927316882e-01
2.250999999999997954e+02,3.960000000000000000e+03,1.434000339378526945e-01,5.017219873694155341e-01,3.548779786927316882e-01
2.280499999999997840e+02,3.960000000000000000e+03,1.434000339378526945e-01,5.017219873694155341e-01,3.548779786927316882e-01
1.720000000000000000e+02,4.140000000000000000e+03,1.434000339378526945e-01,5.017219873694155341e-01,3.548779786927316882e-01
1.749499999999999886e+02,4.140000000000000000e+03,1.434000339378526945e-01,5.017219873694155341e-01,3.548779786927316882e-01
1.778999999999999773e+02,4.140000000000000000e+03,1.434000339378526945e-01,5.017219873694155341e-01,3.548779786927316882e-01
1.808499999999999659e+02,4.140000000000000000e+03,1.434000339378526945e-01,5.017219873694155341e-01,3.548779786927316882e-01
1.837999999999999545e+02,4.140000000000000000e+03,1.434000339378526945e-01,5.017219873694155341e-01,3.548779786927316882e-01
1.867499999999999432e+02,4.140000000000000000e+03,1.434000339378526945e-01,5.017219873694155341e-01,3.548779786927316882e-01
1.896999999999999318e+02,4.140000000000000000e+03,1.434000339378526945e-01,5.017219873694155341e-01,3.548779786927316882e-01
1.926499999999999204e+02,4.140000000000000000e+03,1.434000339378526945e-01,5.017219873694155341e-01,3.548779786927316882e-01
1.955999999999999091e+02,4.140000000000000000e+03,1.434000339378526945e-01,5.017219873694155341e-01,3.548779786927316882e-01
1.985499999999998977e+02,4.140000000000000000e+03,1.434000339378526945e-01,5.017219873694155341e-01,3.548779786927316882e-01
2.014999999999998863e+02,4.140000000000000000e+03,1.434000339378526945e-01,5.017219873694155341e-01,3.548779786927316882e-01
2.044499999999998749e+02,4.140000000000000000e+03,1.434000339378526945e-01,5.017219873694155341e-01,3.548779786927316882e-01
2.073999999999998636e+02,4.140000000000000000e+03,1.434000339378526945e-01,5.017219873694155341e-01,3.548779786927316882e-01
2.103499999999998522e+02,4.140000000000000000e+03,1.434000339378526945e-01,5.017219873694155341e-01,3.548779786927316882e-01
2.132999999999998408e+02,4.140000000000000000e+03,1.434000339378526945e-01,5.017219873694155341e-01,3.548779786927316882e-01
2.162499999999998295e+02,4.140000000000000000e+03,1.434000339378526945e-01,5.017219873694155341e-01,3.548779786927316882e-01
2.191999999999998181e+02,4.140000000000000000e+03,1.434000339378526945e-01,5.017219873694155341e-01,3.548779786927316882e-01
2.221499999999998067e+02,4.140000000000000000e+03,1.434000339378526945e-01,5.017219873694155341e-01,3.548779786927316882e-01
2.250999999999997954e+02,4.140000000000000000e+03,1.434000339378526945e-01,5.017219873694155341e-01,3.548779786927316882e-01
2.280499999999997840e+02,4.140000000000000000e+03,1.434000339378526945e-01,5.017219873694155341e-01,3.548779786927316882e-01
1.720000000000000000e+02,4.320000000000000000e+03,1.434000339378526945e-01,5.017219873694155341e-01,3.548779786927316882e-01
1.749499999999999886e+02,4.320000000000000000e+03,1.434000339378526945e-01,5.017219873694155341e-01,3.548779786927316882e-01
1.778999999999999773e+02,4.320000000000000000e+03,1.434000339378526945e-01,5.017219873694155341e-01,3.548779786927316882e-01
1.808499999999999659e+02,4.320000000000000000e+03,1.434000339378526945e-01,5.017219873694155341e-01,3.548779786927316882e-01
1.837999999999999545e+02,4.320000000000000000e+03,1.434000339378526945e-01,5.017219873694155341e-01,3.548779786927316882e-01
1.867499999999999432e+02,4.320000000000000000e+03,1.434000339378526945e-01,5.017219873694155341e-01,3.548779786927316882e-01
1.896999999999999318e+02,4.320000000000000000e+03,1.434000339378526945e-01,5.017219873694155341e-01,3.548779786927316882e-01
1.926499999999999204e+02,4.320000000000000000e+03,1.434000339378526945e-01,5.017219873694155341e-01,3.548779786927316882e-01
1.955999999999999091e+02,4.320000000000000000e+03,1.434000339378526945e-01,5.017219873694155341e-01,3.548779786927316882e-01
1.985499999999998977e+02,4.320000000000000000e+03,1.434000339378526945e-01,5.017219873694155341e-01,3.548779786927316882e-01
2.014999999999998863e+02,4.320000000000000000e+03,1.434000339378526945e-01,5.017219873694155341e-01,3.548779786927316882e-01
2.044499999999998749e+02,4.320000000000000000e+03,1.434000339378526945e-01,5.017219873694155341e-01,3.548779786927316882e-01
2.073999999999998636e+02,4.320000000000000000e+03,1.434000339378526945e-01,5.017219873694155341e-01,3.548779786927316882e-01
2.103499999999998522e+02,4.320000000000000000e+03,1.434000339378526945e-01,5.017219873694155341e-01,3.548779786927316882e-01
2.132999999999998408e+02,4.320000000000000000e+03,1.434000339378526945e-01,5.017219873694155341e-01,3.548779786927316882e-01
2.162499999999998295e+02,4.320000000000000000e+03,1.434000339378526945e-01,5.017219873694155341e-01,3.548779786927316882e-01
2.191999999999998181e+02,4.320000000000000000e+03,1.434000339378526945e-01,5.017219873694155341e-01,3.548779786927316882e-01
2.221499999999998067e+02,4.320000000000000000e+03,1.434000339378526945e-01,5.017219873694155341e-01,3.548779786927316882e-01
2.250999999999997954e+02,4.320000000000000000e+03,1.434000339378526945e-01,5.017219873694155341e-01,3.548779786927316882e-01
2.280499999999997840e+02,4.320000000000000000e+03,1.434000339378526945e-01,5.017219873694155341e-01,3.548779786927316882e-01
1.720000000000000000e+02,4.500000000000000000e+03,1.434000339378526945e-01,5.017219873694155341e-01,3.548779786927316882e-01
1.749499999999999886e+02,4.500000000000000000e+03,1.434000339378526945e-01,5.017219873694155341e-01,3.548779786927316882e-01
1.778999999999999773e+02,4.500000000000000000e+03,1.434000339378526945e-01,5.017219873694155341e-01,3.548779786927316882e-01
1.808499999999999659e+02,4.500000000000000000e+03,1.434000339378526945e-01,5.017219873694155341e-01,3.548779786927316882e-01
1.837999999999999545e+02,4.500000000000000000e+03,1.434000339378526945e-01,5.017219873694155341e-01,3.548779786927316882e-01
1.867499999999999432e+02,4.500000000000000000e+03,1.434000339378526945e-01,5.017219873694155341e-01,3.548779786927316882e-01
1.896999999999999318e+02,4.500000000000000000e+03,1.434000339378526945e-01,5.017219873694155341e-01,3.548779786927316882e-01
1.926499999999999204e+02,4.500000000000000000e+03,1.434000339378526945e-01,5.017219873694155341e-01,3.548779786927316882e-01
1.955999999999999091e+02,4.500000000000000000e+03,1.434000339378526945e-01,5.017219873694155341e-01,3.548779786927316882e-01
1.985499999999998977e+02,4.500000000000000000e+03,1.434000339378526945e-01,5.017219873694155341e-01,3.548779786927316882e-01
2.014999999999998863e+02,4.500000000000000000e+03,1.434000339378526945e-01,5.017219873694155341e-01,3.548779786927316882e-01
2.044499999999998749e+02,4.500000000000000000e+03,1.434000339378526945e-01,5.017219873694155341e-01,3.548779786927316882e-01
2.073999999999998636e+02,4.500000000000000000e+03,1.434000339378526945e-01,5.017219873694155341e-01,3.548779786927316882e-01
2.103499999999998522e+02,4.500000000000000000e+03,1.434000339378526945e-01,5.017219873694155341e-01,3.548779786927316882e-01
2.132999999999998408e+02,4.500000000000000000e+03,1.434000339378526945e-01,5.017219873694155341e-01,3.548779786927316882e-01
2.162499999999998295e+02,4.500000000000000000e+03,1.434000339378526945e-01,5.017219873694155341e-01,3.548779786927316882e-01
2.191999999999998181e+02,4.500000000000000000e+03,1.434000339378526945e-01,5.017219873694155341e-01,3.548779786927316882e-01
2.221499999999998067e+02,4.500000000000000000e+03,1.434000339378526945e-01,5.017219873694155341e-01,3.548779786927316882e-01
2.250999999999997954e+02,4.500000000000000000e+03,1.434000339378526945e-01,5.017219873694155341e-01,3.548779786927316882e-01
2.280499999999997840e+02,4.500000000000000000e+03,1.434000339378526945e-01,5.017219873694155341e-01,3.548779786927316882e-01
1.720000000000000000e+02,4.680000000000000000e+03,1.434000339378526945e-01,5.017219873694155341e-01,3.548779786927316882e-01
1.749499999999999886e+02,4.680000000000000000e+03,1.434000339378526945e-01,5.017219873694155341e-01,3.548779786927316882e-01
1.778999999999999773e+02,4.680000000000000000e+03,1.434000339378526945e-01,5.017219873694155341e-01,3.548779786927316882e-01
1.808499999999999659e+02,4.680000000000000000e+03,1.434000339378526945e-01,5.017219873694155341e-01,3.548779786927316882e-01
1.837999999999999545e+02,4.680000000000000000e+03,1.434000339378526945e-01,5.017219873694155341e-01,3.548779786927316882e-01
1.867499999999999432e+02,4.680000000000000000e+03,1.434000339378526945e-01,5.017219873694155341e-01,3.548779786927316882e-01
1.896999999999999318e+02,4.680000000000000000e+03,1.434000339378526945e-01,5.017219873694155341e-01,3.548779786927316882e-01
1.926499999999999204e+02,4.680000000000000000e+03,1.434000339378526945e-01,5.017219873694155341e-01,3.548779786927316882e-01
1.955999999999999091e+02,4.680000000000000000e+03,1.434000339378526945e-01,5.017219873694155341e-01,3.548779786927316882e-01
1.985499999999998977e+02,4.680000000000000000e+03,1.434000339378526945e-01,5.017219873694155341e-01,3.548779786927316882e-01
2.014999999999998863e+02,4.680000000000000000e+03,1.434000339378526945e-01,5.017219873694155341e-01,3.548779786927316882e-01
2.044499999999998749e+02,4.680000000000000000e+03,1.434000339378526945e-01,5.017219873694155341e-01,3.548779786927316882e-01
2.073999999999998636e+02,4.680000000000000000e+03,1.434000339378526945e-01,5.017219873694155341e-01,3.548779786927316882e-01
2.103499999999998522e+02,4.680000000000000000e+03,1.434000339378526945e-01,5.017219873694155341e-01,3.548779786927316882e-01
2.132999999999998408e+02,4.680000000000000000e+03,1.434000339378526945e-01,5.017219873694155341e-01,3.548779786927316882e-01
2.162499999999998295e+02,4.680000000000000000e+03,1.434000339378526945e-01,5.017219873694155341e-01,3.548779786927316882e-01
2.191999999999998181e+02,4.680000000000000000e+03,1.434000339378526945e-01,5.017219873694155341e-01,3.548779786927316882e-01
2.221499999999998067e+02,4.680000000000000000e+03,1.434000339378526945e-01,5.017219873694155341e-01,3.548779786927316882e-01
2.250999999999997954e+02,4.680000000000000000e+03,1.434000339378526945e-01,5.017219873694155341e-01,3.548779786927316882e-01
2.280499999999997840e+02,4.680000000000000000e+03,1.434000339378526945e-01,5.017219873694155341e-01,3.548779786927316882e-01
1.720000000000000000e+02,4.860000000000000000e+03,1.434000339378526945e-01,5.017219873694155341e-01,3.548779786927316882e-01
1.749499999999999886e+02,4.860000000000000000e+03,1.434000339378526945e-01,5.017219873694155341e-01,3.548779786927316882e-01
1.778999999999999773e+02,4.860000000000000000e+03,1.434000339378526945e-01,5.017219873694155341e-01,3.548779786927316882e-01
1.808499999999999659e+02,4.860000000000000000e+03,1.434000339378526945e-01,5.017219873694155341e-01,3.548779786927316882e-01
1.837999999999999545e+02,4.860000000000000000e+03,1.434000339378526945e-01,5.017219873694155341e-01,3.548779786927316882e-01
1.867499999999999432e+02,4.860000000000000000e+03,1.434000339378526945e-01,5.017219873694155341e-01,3.548779786927316882e-01
1.896999999999999318e+02,4.860000000000000000e+03,1.434000339378526945e-01,5.017219873694155341e-01,3.548779786927316882e-01
1.926499999999999204e+02,4.860000000000000000e+03,1.434000339378526945e-01,5.017219873694155341e-01,3.548779786927316882e-01
1.955999999999999091e+02,4.860000000000000000e+03,1.434000339378526945e-01,5.017219873694155341e-01,3.548779786927316882e-01
1.985499999999998977e+02,4.860000000000000000e+03,1.434000339378526945e-01,5.017219873694155341e-01,3.548779786927316882e-01
2.014999999999998863e+02,4.860000000000000000e+03,1.434000339378526945e-01,5.017219873694155341e-01,3.548779786927316882e-01
2.044499999999998749e+02,4.860000000000000000e+03,1.434000339378526945e-01,5.017219873694155341e-01,3.548779786927316882e-01
2.073999999999998636e+02,4.860000000000000000e+03,1.434000339378526945e-01,5.017219873694155341e-01,3.548779786927316882e-01
2.103499999999998522e+02,4.860000000000000000e+03,1.434000339378526945e-01,5.017219873694155341e-01,3.548779786927316882e-01
2.132999999999998408e+02,4.860000000000000000e+03,1.434000339378526945e-01,5.017219873694155341e-01,3.548779786927316882e-01
2.162499999999998295e+02,4.860000000000000000e+03,1.434000339378526945e-01,5.017219873694155341e-01,3.548779786927316882e-01
2.191999999999998181e+02,4.860000000000000000e+03,1.434000339378526945e-01,5.017219873694155341e-01,3.548779786927316882e-01
2.221499999999998067e+02,4.860000000000000000e+03,1.434000339378526945e-01,5.017219873694155341e-01,3.548779786927316882e-01
2.250999999999997954e+02,4.860000000000000000e+03,1.434000339378526945e-01,5.017219873694155341e-01,3.548779786927316882e-01
2.280499999999997840e+02,4.860000000000000000e+03,1.434000339378526945e-01,5.017219873694155341e-01,3.548779786927316882e-01
1.720000000000000000e+02,5.040000000000000000e+03,1.434000339378526945e-01,5.017219873694155341e-01,3.548779786927316882e-01
1.749499999999999886e+02,5.040000000000000000e+03,1.434000339378526945e-01,5.017219873694155341e-01,3.548779786927316882e-01
1.778999999999999773e+02,5.040000000000000000e+03,1.434000339378526945e-01,5.017219873694155341e-01,3.548779786927316882e-01
1.808499999999999659e+02,5.040000000000000000e+03,1.434000339378526945e-01,5.017219873694155341e-01,3.548779786927316882e-01
1.837999999999999545e+02,5.040000000000000000e+03,1.434000339378526945e-01,5.017219873694155341e-01,3.548779786927316882e-01
1.867499999999999432e+02,5.040000000000000000e+03,1.434000339378526945e-01,5.017219873694155341e-01,3.548779786927316882e-01
1.896999999999999318e+02,5.040000000000000000e+03,1.434000339378526945e-01,5.017219873694155341e-01,3.548779786927316882e-01
1.926499999999999204e+02,5.040000000000000000e+03,1.434000339378526945e-01,5.017219873694155341e-01,3.548779786927316882e-01
1.955999999999999091e+02,5.040000000000000000e+03,1.434000339378526945e-01,5.017219873694155341e-01,3.548779786927316882e-01
1.985499999999998977e+02,5.040000000000000000e+03,1.434000339378526945e-01,5.017219873694155341e-01,3.548779786927316882e-01
2.014999999999998863e+02,5.040000000000000000e+03,1.434000339378526945e-01,5.017219873694155341e-01,3.548779786927316882e-01
2.044499999999998749e+02,5.040000000000000000e+03,1.434000339378526945e-01,5.017219873694155341e-01,3.548779786927316882e-01
2.073999999999998636e+02,5.040000000000000000e+03,1.434000339378526945e-01,5.017219873694155341e-01,3.548779786927316882e-01
2.103499999999998522e+02,5.040000000000000000e+03,1.434000339378526945e-01,5.017219873694155341e-01,3.548779786927316882e-01
2.132999999999998408e+02,5.040000000000000000e+03,1.434000339378526945e-01,5.017219873694155341e-01,3.548779786927316882e-01
2.162499999999998295e+02,5.040000000000000000e+03,1.434000339378526945e-01,5.017219873694155341e-01,3.548779786927316882e-01
2.191999999999998181e+02,5.040000000000000000e+03,1.434000339378526945e-01,5.017219873694155341e-01,3.548779786927316882e-01
2.221499999999998067e+02,5.040000000000000000e+03,1.434000339378526945e-01,5.017219873694155341e-01,3.548779786927316882e-01
2.250999999999997954e+02,5.040000000000000000e+03,1.434000339378526945e-01,5.017219873694155341e-01,3.548779786927316882e-01
2.280499999999997840e+02,5.040000000000000000e+03,1.434000339378526945e-01,5.017219873694155341e-01,3.548779786927316882e-01
1.720000000000000000e+02,5.220000000000000000e+03,1.434000339378526945e-01,5.017219873694155341e-01,3.548779786927316882e-01
1.749499999999999886e+02,5.220000000000000000e+03,1.434000339378526945e-01,5.017219873694155341e-01,3.548779786927316882e-01
1.778999999999999773e+02,5.220000000000000000e+03,1.434000339378526945e-01,5.017219873694155341e-01,3.548779786927316882e-01
1.808499999999999659e+02,5.220000000000000000e+03,1.434000339378526945e-01,5.017219873694155341e-01,3.548779786927316882e-01
1.837999999999999545e+02,5.220000000000000000e+03,1.434000339378526945e-01,5.017219873694155341e-01,3.548779786927316882e-01
1.867499999999999432e+02,5.220000000000000000e+03,1.434000339378526945e-01,5.017219873694155341e-01,3.548779786927316882e-01
1.896999999999999318e+02,5.220000000000000000e+03,1.434000339378526945e-01,5.017219873694155341e-01,3.548779786927316882e-01
1.926499999999999204e+02,5.220000000000000000e+03,1.434000339378526945e-01,5.017219873694155341e-01,3.548779786927316882e-01
1.955999999999999091e+02,5.220000000000000000e+03,1.434000339378526945e-01,5.017219873694155341e-01,3.548779786927316882e-01
1.985499999999998977e+02,5.220000000000000000e+03,1.434000339378526945e-01,5.017219873694155341e-01,3.548779786927316882e-01
2.014999999999998863e+02,5.220000000000000000e+03,1.434000339378526945e-01,5.017219873694155341e-01,3.548779786927316882e-01
2.044499999999998749e+02,5.220000000000000000e+03,1.434000339378526945e-01,5.017219873694155341e-01,3.548779786927316882e-01
2.073999999999998636e+02,5.220000000000000000e+03,1.434000339378526945e-01,5.017219873694155341e-01,3.548779786927316882e-01
2.103499999999998522e+02,5.220000000000000000e+03,1.434000339378526945e-01,5.017219873694155341e-01,3.548779786927316882e-01
2.132999999999998408e+02,5.220000000000000000e+03,1.434000339378526945e-01,5.017219873694155341e-01,3.548779786927316882e-01
2.162499999999998295e+02,5.220000000000000000e+03,1.434000339378526945e-01,5.017219873694155341e-01,3.548779786927316882e-01
2.191999999999998181e+02,5.220000000000000000e+03,1.434000339378526945e-01,5.017219873694155341e-01,3.548779786927316882e-01
2.221499999999998067e+02,5.220000000000000000e+03,1.434000339378526945e-01,5.017219873694155341e-01,3.548779786927316882e-01
2.250999999999997954e+02,5.220000000000000000e+03,1.434000339378526945e-01,5.017219873694155341e-01,3.548779786927316882e-01
2.280499999999997840e+02,5.220000000000000000e+03,1.434000339378526945e-01,5.017219873694155341e-01,3.548779786927316882e-01
1.720000000000000000e+02,5.400000000000000000e+03,1.434000339378526945e-01,5.017219873694155341e-01,3.548779786927316882e-01
1.749499999999999886e+02,5.400000000000000000e+03,1.434000339378526945e-01,5.017219873694155341e-01,3.548779786927316882e-01
1.778999999999999773e+02,5.400000000000000000e+03,1.434000339378526945e-01,5.017219873694155341e-01,3.548779786927316882e-01
1.808499999999999659e+02,5.400000000000000000e+03,1.434000339378526945e-01,5.017219873694155341e-01,3.548779786927316882e-01
1.837999999999999545e+02,5.400000000000000000e+03,1.434000339378526945e-01,5.017219873694155341e-01,3.548779786927316882e-01
1.867499999999999432e+02,5.400000000000000000e+03,1.434000339378526945e-01,5.017219873694155341e-01,3.548779786927316882e-01
1.896999999999999318e+02,5.400000000000000000e+03,1.434000339378526945e-01,5.017219873694155341e-01,3.548779786927316882e-01
1.926499999999999204e+02,5.400000000000000000e+03,1.434000339378526945e-01,5.017219873694155341e-01,3.548779786927316882e-01
1.955999999999999091e+02,5.400000000000000000e+03,1.434000339378526945e-01,5.017219873694155341e-01,3.548779786927316882e-01
1.985499999999998977e+02,5.400000000000000000e+03,1.434000339378526945e-01,5.017219873694155341e-01,3.548779786927316882e-01
2.014999999999998863e+02,5.400000000000000000e+03,1.434000339378526945e-01,5.017219873694155341e-01,3.548779786927316882e-01
2.044499999999998749e+02,5.400000000000000000e+03,1.434000339378526945e-01,5.017219873694155341e-01,3.548779786927316882e-01
2.073999999999998636e+02,5.400000000000000000e+03,1.434000339378526945e-01,5.017219873694155341e-01,3.548779786927316882e-01
2.103499999999998522e+02,5.400000000000000000e+03,1.434000339378526945e-01,5.017219873694155341e-01,3.548779786927316882e-01
2.132999999999998408e+02,5.400000000000000000e+03,1.434000339378526945e-01,5.017219873694155341e-01,3.548779786927316882e-01
2.162499999999998295e+02,5.400000000000000000e+03,1.434000339378526945e-01,5.017219873694155341e-01,3.548779786927316882e-01
2.191999999999998181e+02,5.400000000000000000e+03,1.434000339378526945e-01,5.017219873694155341e-01,3.548779786927316882e-01
2.221499999999998067e+02,5.400000000000000000e+03,1.434000339378526945e-01,5.017219873694155341e-01,3.548779786927316882e-01
2.250999999999997954e+02,5.400000000000000000e+03,1.434000339378526945e-01,5.017219873694155341e-01,3.548779786927316882e-01
2.280499999999997840e+02,5.400000000000000000e+03,1.434000339378526945e-01,5.017219873694155341e-01,3.548779786927316882e-01
1.720000000000000000e+02,5.580000000000000000e+03,1.434000339378526945e-01,5.017219873694155341e-01,3.548779786927316882e-01
1.749499999999999886e+02,5.580000000000000000e+03,1.434000339378526945e-01,5.017219873694155341e-01,3.548779786927316882e-01
1.778999999999999773e+02,5.580000000000000000e+03,1.434000339378526945e-01,5.017219873694155341e-01,3.548779786927316882e-01
1.808499999999999659e+02,5.580000000000000000e+03,1.434000339378526945e-01,5.017219873694155341e-01,3.548779786927316882e-01
1.837999999999999545e+02,5.580000000000000000e+03,1.434000339378526945e-01,5.017219873694155341e-01,3.548779786927316882e-01
1.867499999999999432e+02,5.580000000000000000e+03,1.434000339378526945e-01,5.017219873694155341e-01,3.548779786927316882e-01
1.896999999999999318e+02,5.580000000000000000e+03,1.434000339378526945e-01,5.017219873694155341e-01,3.548779786927316882e-01
1.926499999999999204e+02,5.580000000000000000e+03,1.434000339378526945e-01,5.017219873694155341e-01,3.548779786927316882e-01
1.955999999999999091e+02,5.580000000000000000e+03,1.434000339378526945e-01,5.017219873694155341e-01,3.548779786927316882e-01
1.985499999999998977e+02,5.580000000000000000e+03,1.434000339378526945e-01,5.017219873694155341e-01,3.548779786927316882e-01
2.014999999999998863e+02,5.580000000000000000e+03,1.434000339378526945e-01,5.017219873694155341e-01,3.548779786927316882e-01
2.044499999999998749e+02,5.580000000000000000e+03,1.434000339378526945e-01,5.017219873694155341e-01,3.548779786927316882e-01
2.073999999999998636e+02,5.580000000000000000e+03,1.434000339378526945e-01,5.017219873694155341e-01,3.548779786927316882e-01
2.103499999999998522e+02,5.580000000000000000e+03,1.434000339378526945e-01,5.017219873694155341e-01,3.548779786927316882e-01
2.132999999999998408e+02,5.580000000000000000e+03,1.434000339378526945e-01,5.017219873694155341e-01,3.548779786927316882e-01
2.162499999999998295e+02,5.580000000000000000e+03,1.434000339378526945e-01,5.017219873694155341e-01,3.548779786927316882e-01
2.191999999999998181e+02,5.580000000000000000e+03,1.434000339378526945e-01,5.017219873694155341e-01,3.548779786927316882e-01
2.221499999999998067e+02,5.580000000000000000e+03,1.434000339378526945e-01,5.017219873694155341e-01,3.548779786927316882e-01
2.250999999999997954e+02,5.580000000000000000e+03,1.434000339378526945e-01,5.017219873694155341e-01,3.548779786927316882e-01
2.280499999999997840e+02,5.580000000000000000e+03,1.434000339378526945e-01,5.017219873694155341e-01,3.548779786927316882e-01
1.720000000000000000e+02,5.760000000000000000e+03,1.434000339378526945e-01,5.017219873694155341e-01,3.548779786927316882e-01
1.749499999999999886e+02,5.760000000000000000e+03,1.434000339378526945e-01,5.017219873694155341e-01,3.548779786927316882e-01
1.778999999999999773e+02,5.760000000000000000e+03,1.434000339378526945e-01,5.017219873694155341e-01,3.548779786927316882e-01
1.808499999999999659e+02,5.760000000000000000e+03,1.434000339378526945e-01,5.017219873694155341e-01,3.548779786927316882e-01
1.837999999999999545e+02,5.760000000000000000e+03,1.434000339378526945e-01,5.017219873694155341e-01,3.548779786927316882e-01
1.867499999999999432e+02,5.760000000000000000e+03,1.434000339378526945e-01,5.017219873694155341e-01,3.548779786927316882e-01
1.896999999999999318e+02,5.760000000000000000e+03,1.434000339378526945e-01,5.017219873694155341e-01,3.548779786927316882e-01
1.926499999999999204e+02,5.760000000000000000e+03,1.434000339378526945e-01,5.017219873694155341e-01,3.548779786927316882e-01
1.955999999999999091e+02,5.760000000000000000e+03,1.434000339378526945e-01,5.017219873694155341e-01,3.548779786927316882e-01
1.985499999999998977e+02,5.760000000000000000e+03,1.434000339378526945e-01,5.017219873694155341e-01,3.548779786927316882e-01
2.014999999999998863e+02,5.760000000000000000e+03,1.434000339378526945e-01,5.017219873694155341e-01,3.548779786927316882e-01
2.044499999999998749e+02,5.760000000000000000e+03,1.434000339378526945e-01,5.017219873694155341e-01,3.548779786927316882e-01
2.073999999999998636e+02,5.760000000000000000e+03,1.434000339378526945e-01,5.017219873694155341e-01,3.548779786927316882e-01
2.103499999999998522e+02,5.760000000000000000e+03,1.434000339378526945e-01,5.017219873694155341e-01,3.548779786927316882e-01
2.132999999999998408e+02,5.760000000000000000e+03,1.434000339378526945e-01,5.017219873694155341e-01,3.548779786927316882e-01
2.162499999999998295e+02,5.760000000000000000e+03,1.434000339378526945e-01,5.017219873694155341e-01,3.548779786927316882e-01
2.191999999999998181e+02,5.760000000000000000e+03,1.434000339378526945e-01,5.017219873694155341e-01,3.548779786927316882e-01
2.221499999999998067e+02,5.760000000000000000e+03,1.434000339378526945e-01,5.017219873694155341e-01,3.548779786927316882e-01
2.250999999999997954e+02,5.760000000000000000e+03,1.434000339378526945e-01,5.017219873694155341e-01,3.548779786927316882e-01
2.280499999999997840e+02,5.760000000000000000e+03,1.434000339378526945e-01,5.017219873694155341e-01,3.548779786927316882e-01
1.720000000000000000e+02,5.940000000000000000e+03,1.434000339378526945e-01,5.017219873694155341e-01,3.548779786927316882e-01
1.749499999999999886e+02,5.940000000000000000e+03,1.434000339378526945e-01,5.017219873694155341e-01,3.548779786927316882e-01
1.778999999999999773e+02,5.940000000000000000e+03,1.434000339378526945e-01,5.017219873694155341e-01,3.548779786927316882e-01
1.808499999999999659e+02,5.940000000000000000e+03,1.434000339378526945e-01,5.017219873694155341e-01,3.548779786927316882e-01
1.837999999999999545e+02,5.940000000000000000e+03,1.434000339378526945e-01,5.017219873694155341e-01,3.548779786927316882e-01
1.867499999999999432e+02,5.940000000000000000e+03,1.434000339378526945e-01,5.017219873694155341e-01,3.548779786927316882e-01
1.896999999999999318e+02,5.940000000000000000e+03,1.434000339378526945e-01,5.017219873694155341e-01,3.548779786927316882e-01
1.926499999999999204e+02,5.940000000000000000e+03,1.434000339378526945e-01,5.017219873694155341e-01,3.548779786927316882e-01
1.955999999999999091e+02,5.940000000000000000e+03,1.434000339378526945e-01,5.017219873694155341e-01,3.548779786927316882e-01
1.985499999999998977e+02,5.940000000000000000e+03,1.434000339378526945e-01,5.017219873694155341e-01,3.548779786927316882e-01
2.014999999999998863e+02,5.940000000000000000e+03,1.434000339378526945e-01,5.017219873694155341e-01,3.548779786927316882e-01
2.044499999999998749e+02,5.940000000000000000e+03,1.434000339378526945e-01,5.017219873694155341e-01,3.548779786927316882e-01
2.073999999999998636e+02,5.940000000000000000e+03,1.434000339378526945e-01,5.017219873694155341e-01,3.548779786927316882e-01
2.103499999999998522e+02,5.940000000000000000e+03,1.434000339378526945e-01,5.017219873694155341e-01,3.548779786927316882e-01
2.132999999999998408e+02,5.940000000000000000e+03,1.434000339378526945e-01,5.017219873694155341e-01,3.548779786927316882e-01
2.162499999999998295e+02,5.940000000000000000e+03,1.434000339378526945e-01,5.017219873694155341e-01,3.548779786927316882e-01
2.191999999999998181e+02,5.940000000000000000e+03,1.434000339378526945e-01,5.017219873694155341e-01,3.548779786927316882e-01
2.221499999999998067e+02,5.940000000000000000e+03,1.434000339378526945e-01,5.017219873694155341e-01,3.548779786927316882e-01
2.250999999999997954e+02,5.940000000000000000e+03,1.434000339378526945e-01,5.017219873694155341e-01,3.548779786927316882e-01
2.280499999999997840e+02,5.940000000000000000e+03,1.434000339378526945e-01,5.017219873694155341e-01,3.548779786927316882e-01
1.720000000000000000e+02,6.120000000000000000e+03,1.434000339378526945e-01,5.017219873694155341e-01,3.548779786927316882e-01
1.749499999999999886e+02,6.120000000000000000e+03,1.434000339378526945e-01,5.017219873694155341e-01,3.548779786927316882e-01
1.778999999999999773e+02,6.120000000000000000e+03,1.434000339378526945e-01,5.017219873694155341e-01,3.548779786927316882e-01
1.808499999999999659e+02,6.120000000000000000e+03,1.434000339378526945e-01,5.017219873694155341e-01,3.548779786927316882e-01
1.837999999999999545e+02,6.120000000000000000e+03,1.434000339378526945e-01,5.017219873694155341e-01,3.548779786927316882e-01
1.867499999999999432e+02,6.120000000000000000e+03,1.434000339378526945e-01,5.017219873694155341e-01,3.548779786927316882e-01
1.896999999999999318e+02,6.120000000000000000e+03,1.434000339378526945e-01,5.017219873694155341e-01,3.548779786927316882e-01
1.926499999999999204e+02,6.120000000000000000e+03,1.434000339378526945e-01,5.017219873694155341e-01,3.548779786927316882e-01
1.955999999999999091e+02,6.120000000000000000e+03,1.434000339378526945e-01,5.017219873694155341e-01,3.548779786927316882e-01
1.985499999999998977e+02,6.120000000000000000e+03,1.434000339378526945e-01,5.017219873694155341e-01,3.548779786927316882e-01
2.014999999999998863e+02,6.120000000000000000e+03,1.434000339378526945e-01,5.017219873694155341e-01,3.548779786927316882e-01
2.044499999999998749e+02,6.120000000000000000e+03,1.434000339378526945e-01,5.017219873694155341e-01,3.548779786927316882e-01
2.073999999999998636e+02,6.120000000000000000e+03,1.434000339378526945e-01,5.017219873694155341e-01,3.548779786927316882e-01
2.103499999999998522e+02,6.120000000000000000e+03,1.434000339378526945e-01,5.017219873694155341e-01,3.548779786927316882e-01
2.132999999999998408e+02,6.120000000000000000e+03,1.434000339378526945e-01,5.017219873694155341e-01,3.548779786927316882e-01
2.162499999999998295e+02,6.120000000000000000e+03,1.434000339378526945e-01,5.017219873694155341e-01,3.548779786927316882e-01
2.191999999999998181e+02,6.120000000000000000e+03,1.434000339378526945e-01,5.017219873694155341e-01,3.548779786927316882e-01
2.221499999999998067e+02,6.120000000000000000e+03,1.434000339378526945e-01,5.017219873694155341e-01,3.548779786927316882e-01
2.250999999999997954e+02,6.120000000000000000e+03,1.434000339378526945e-01,5.017219873694155341e-01,3.548779786927316882e-01
2.280499999999997840e+02,6.120000000000000000e+03,1.434000339378526945e-01,5.017219873694155341e-01,3.548779786927316882e-01
